 5.0000E-03 4.0000E-01 1.9841E-01 1.9827E-01 1.3395E-04  8.3730E-04 4.0217E-01 1.5940E-05   214
 5.0000E-03 4.0300E-01 1.9704E-01 1.9691E-01 1.3025E-04  8.2545E-04 4.0217E-01 1.5500E-05   214
 5.0000E-03 4.0610E-01 1.9572E-01 1.9560E-01 1.2655E-04  8.1357E-04 4.0217E-01 1.5061E-05   214
 5.0000E-03 4.0910E-01 1.9453E-01 1.9441E-01 1.2309E-04  8.0243E-04 4.0217E-01 1.4649E-05   214
 5.0000E-03 4.1210E-01 1.9342E-01 1.9330E-01 1.1974E-04  7.9164E-04 4.0217E-01 1.4251E-05   214
 5.0000E-03 4.1520E-01 1.9206E-01 1.9194E-01 1.1623E-04  7.8200E-04 4.0217E-01 1.3834E-05   214
 5.0000E-03 4.1820E-01 1.9071E-01 1.9059E-01 1.1288E-04  7.7345E-04 4.0217E-01 1.3435E-05   214
 5.0000E-03 4.2120E-01 1.8953E-01 1.8942E-01 1.0968E-04  7.6484E-04 4.0217E-01 1.3055E-05   214
 5.0000E-03 4.2420E-01 1.8851E-01 1.8841E-01 1.0663E-04  7.5616E-04 4.0217E-01 1.2692E-05   214
 5.0000E-03 4.2730E-01 1.8765E-01 1.8754E-01 1.0362E-04  7.4714E-04 4.0217E-01 1.2334E-05   214
 5.0000E-03 4.3030E-01 1.8697E-01 1.8687E-01 1.0084E-04  7.3836E-04 4.0217E-01 1.2004E-05   214
 5.0000E-03 4.3330E-01 1.8698E-01 1.8688E-01 9.8450E-05  7.2757E-04 4.0217E-01 1.1719E-05   214
 5.0000E-03 4.3640E-01 1.8716E-01 1.8706E-01 9.6089E-05  7.1652E-04 4.0217E-01 1.1438E-05   214
 5.0000E-03 4.3940E-01 1.8744E-01 1.8735E-01 9.3883E-05  7.0612E-04 4.0217E-01 1.1176E-05   214
 5.0000E-03 4.4240E-01 1.8784E-01 1.8775E-01 9.1752E-05  6.9601E-04 4.0217E-01 1.0923E-05   214
 5.0000E-03 4.4550E-01 1.8838E-01 1.8829E-01 8.9626E-05  6.8586E-04 4.0217E-01 1.0670E-05   214
 5.0000E-03 4.4850E-01 1.8902E-01 1.8893E-01 8.7641E-05  6.7631E-04 4.0217E-01 1.0434E-05   214
 5.0000E-03 4.5150E-01 1.8957E-01 1.8948E-01 8.5586E-05  6.6806E-04 4.0217E-01 1.0189E-05   214
 5.0000E-03 4.5450E-01 1.8945E-01 1.8937E-01 8.3117E-05  6.6357E-04 4.0217E-01 9.8956E-06   214
 5.0000E-03 4.5760E-01 1.8963E-01 1.8955E-01 8.0792E-05  6.5795E-04 4.0217E-01 9.6189E-06   214
 5.0000E-03 4.6060E-01 1.9008E-01 1.9000E-01 7.8751E-05  6.5162E-04 4.0217E-01 9.3761E-06   214
 5.0000E-03 4.6360E-01 1.9083E-01 1.9076E-01 7.6909E-05  6.4447E-04 4.0217E-01 9.1569E-06   214
 5.0000E-03 4.6670E-01 1.9193E-01 1.9185E-01 7.5207E-05  6.3628E-04 4.0217E-01 8.9546E-06   214
 5.0000E-03 4.6970E-01 1.9331E-01 1.9324E-01 7.3753E-05  6.2763E-04 4.0217E-01 8.7816E-06   214
 5.0000E-03 4.7270E-01 1.9551E-01 1.9544E-01 7.2544E-05  6.1808E-04 4.0217E-01 8.6378E-06   214
 5.0000E-03 4.7580E-01 1.9894E-01 1.9887E-01 7.1701E-05  6.0647E-04 4.0217E-01 8.5377E-06   214
 5.0000E-03 4.7880E-01 2.0271E-01 2.0264E-01 7.1252E-05  5.9370E-04 4.0217E-01 8.4845E-06   214
 5.0000E-03 4.8180E-01 2.0695E-01 2.0688E-01 7.1183E-05  5.7955E-04 4.0217E-01 8.4765E-06   214
 5.0000E-03 4.8480E-01 2.1169E-01 2.1162E-01 7.1517E-05  5.6411E-04 4.0217E-01 8.5167E-06   214
 5.0000E-03 4.8790E-01 2.1716E-01 2.1709E-01 7.2320E-05  5.4689E-04 4.0217E-01 8.6126E-06   214
 5.0000E-03 4.9090E-01 2.2302E-01 2.2295E-01 7.3579E-05  5.2910E-04 4.0217E-01 8.7629E-06   214
 5.0000E-03 4.9390E-01 2.2946E-01 2.2939E-01 7.5361E-05  5.1029E-04 4.0217E-01 8.9755E-06   214
 5.0000E-03 4.9700E-01 2.3729E-01 2.3721E-01 7.8336E-05  4.8756E-04 4.0217E-01 9.3302E-06   214
 5.0000E-03 5.0000E-01 2.4602E-01 2.4594E-01 8.2826E-05  4.6086E-04 4.0217E-01 9.8655E-06   214
 5.0000E-03 5.0300E-01 2.5422E-01 2.5413E-01 8.7772E-05  4.3471E-04 4.0217E-01 1.0455E-05   214
 5.0000E-03 5.0610E-01 2.6184E-01 2.6175E-01 9.3321E-05  4.0822E-04 4.0217E-01 1.1117E-05   214
 5.0000E-03 5.0910E-01 2.6804E-01 2.6794E-01 9.9048E-05  3.8300E-04 4.0217E-01 1.1800E-05   214
 5.0000E-03 5.1210E-01 2.7270E-01 2.7260E-01 1.0503E-04  3.5814E-04 4.0217E-01 1.2513E-05   214
 5.0000E-03 5.1520E-01 2.7545E-01 2.7534E-01 1.1134E-04  3.3276E-04 4.0217E-01 1.3266E-05   214
 5.0000E-03 5.1820E-01 2.7569E-01 2.7557E-01 1.1743E-04  3.0841E-04 4.0217E-01 1.3991E-05   214
 5.0000E-03 5.2120E-01 2.7287E-01 2.7274E-01 1.2308E-04  2.8433E-04 4.0217E-01 1.4666E-05   214
 5.0000E-03 5.2420E-01 2.6400E-01 2.6388E-01 1.2487E-04  2.6277E-04 4.0217E-01 1.4880E-05   214
 5.0000E-03 5.2730E-01 2.5300E-01 2.5287E-01 1.2587E-04  2.4079E-04 4.0217E-01 1.5000E-05   214
 5.0000E-03 5.3030E-01 2.4073E-01 2.4060E-01 1.2597E-04  2.1970E-04 4.0217E-01 1.5013E-05   214
 5.0000E-03 5.3330E-01 2.2710E-01 2.2698E-01 1.2519E-04  1.9870E-04 4.0217E-01 1.4920E-05   214
 5.0000E-03 5.3640E-01 2.1193E-01 2.1181E-01 1.2345E-04  1.7701E-04 4.0217E-01 1.4713E-05   214
 5.0000E-03 5.3940E-01 1.9661E-01 1.9649E-01 1.2090E-04  1.5599E-04 4.0217E-01 1.4410E-05   214
 5.0000E-03 5.4240E-01 1.8110E-01 1.8098E-01 1.1759E-04  1.3487E-04 4.0217E-01 1.4016E-05   214
 5.0000E-03 5.4550E-01 1.6535E-01 1.6523E-01 1.1352E-04  1.1291E-04 4.0217E-01 1.3531E-05   214
 5.0000E-03 5.4850E-01 1.5077E-01 1.5066E-01 1.0910E-04  9.1540E-05 4.0217E-01 1.3006E-05   214
 5.0000E-03 5.5150E-01 1.3769E-01 1.3758E-01 1.0496E-04  7.1391E-05 4.0217E-01 1.2513E-05   214
 5.0000E-03 5.5450E-01 1.2549E-01 1.2539E-01 1.0073E-04  5.1336E-05 4.0217E-01 1.2009E-05   214
 5.0000E-03 5.5760E-01 1.1387E-01 1.1377E-01 9.6312E-05  3.0648E-05 4.0217E-01 1.1482E-05   214
 5.0000E-03 5.6060E-01 1.0361E-01 1.0352E-01 9.2068E-05  1.0683E-05 4.0217E-01 1.0977E-05   214
 5.0000E-03 5.6360E-01 9.4327E-02 9.4239E-02 8.7909E-05 -9.1876E-06 4.0217E-01 1.0481E-05   214
 5.0000E-03 5.6670E-01 8.5732E-02 8.5649E-02 8.3743E-05 -2.9553E-05 4.0217E-01 9.9852E-06   214
 5.0000E-03 5.6970E-01 7.8338E-02 7.8258E-02 7.9870E-05 -4.9093E-05 4.0217E-01 9.5238E-06   214
 5.0000E-03 5.7270E-01 7.1800E-02 7.1724E-02 7.6172E-05 -6.8403E-05 4.0217E-01 9.0831E-06   214
 5.0000E-03 5.7580E-01 6.5883E-02 6.5810E-02 7.2548E-05 -8.8072E-05 4.0217E-01 8.6514E-06   214
 5.0000E-03 5.7880E-01 6.0904E-02 6.0835E-02 6.9241E-05 -1.0686E-04 4.0217E-01 8.2574E-06   214
 5.0000E-03 5.8180E-01 5.6592E-02 5.6526E-02 6.6133E-05 -1.2536E-04 4.0217E-01 7.8870E-06   214
 5.0000E-03 5.8480E-01 5.2869E-02 5.2806E-02 6.3144E-05 -1.4442E-04 4.0217E-01 7.5308E-06   214
 5.0000E-03 5.8790E-01 4.9586E-02 4.9526E-02 6.0271E-05 -1.6398E-04 4.0217E-01 7.1885E-06   214
 5.0000E-03 5.9090E-01 4.6917E-02 4.6860E-02 5.7701E-05 -1.8272E-04 4.0217E-01 6.8823E-06   214
 5.0000E-03 5.9390E-01 4.4717E-02 4.4662E-02 5.5337E-05 -2.0121E-04 4.0217E-01 6.6006E-06   214
 5.0000E-03 5.9700E-01 4.2894E-02 4.2841E-02 5.3116E-05 -2.2003E-04 4.0217E-01 6.3359E-06   214
 5.0000E-03 6.0000E-01 4.1486E-02 4.1435E-02 5.1192E-05 -2.3777E-04 4.0217E-01 6.1066E-06   214
 5.0000E-03 6.0300E-01 4.0287E-02 4.0237E-02 4.9494E-05 -2.5494E-04 4.0217E-01 5.9043E-06   214
 5.0000E-03 6.0610E-01 3.9048E-02 3.9000E-02 4.7964E-05 -2.7206E-04 4.0217E-01 5.7220E-06   214
 5.0000E-03 6.0910E-01 3.7611E-02 3.7564E-02 4.6653E-05 -2.8813E-04 4.0217E-01 5.5658E-06   214
 5.0000E-03 6.1210E-01 3.5773E-02 3.5728E-02 4.5432E-05 -3.0406E-04 4.0217E-01 5.4204E-06   214
 5.0000E-03 6.1520E-01 3.3447E-02 3.3403E-02 4.4179E-05 -3.2062E-04 4.0217E-01 5.2711E-06   214
 5.0000E-03 6.1820E-01 3.0954E-02 3.0911E-02 4.2940E-05 -3.3654E-04 4.0217E-01 5.1234E-06   214
 5.0000E-03 6.2120E-01 2.8421E-02 2.8379E-02 4.1674E-05 -3.5210E-04 4.0217E-01 4.9725E-06   214
 5.0000E-03 6.2420E-01 2.5990E-02 2.5949E-02 4.0369E-05 -3.6771E-04 4.0217E-01 4.8170E-06   214
 5.0000E-03 6.2730E-01 2.3699E-02 2.3660E-02 3.9005E-05 -3.8356E-04 4.0217E-01 4.6544E-06   214
 5.0000E-03 6.3030E-01 2.1743E-02 2.1706E-02 3.7695E-05 -3.9848E-04 4.0217E-01 4.4982E-06   214
 5.0000E-03 6.3330E-01 2.0049E-02 2.0013E-02 3.6412E-05 -4.1302E-04 4.0217E-01 4.3452E-06   214
 5.0000E-03 6.3640E-01 1.8561E-02 1.8526E-02 3.5125E-05 -4.2781E-04 4.0217E-01 4.1917E-06   214
 5.0000E-03 6.3940E-01 1.7365E-02 1.7331E-02 3.3921E-05 -4.4235E-04 4.0217E-01 4.0482E-06   214
 5.0000E-03 6.4240E-01 1.6407E-02 1.6375E-02 3.2763E-05 -4.5750E-04 4.0217E-01 3.9101E-06   214
 5.0000E-03 6.4550E-01 1.5672E-02 1.5641E-02 3.1617E-05 -4.7397E-04 4.0217E-01 3.7735E-06   214
 5.0000E-03 6.4850E-01 1.5210E-02 1.5179E-02 3.0566E-05 -4.9048E-04 4.0217E-01 3.6482E-06   214
 5.0000E-03 6.5150E-01 1.4987E-02 1.4957E-02 2.9580E-05 -5.0716E-04 4.0217E-01 3.5305E-06   214
 5.0000E-03 6.5450E-01 1.4972E-02 1.4943E-02 2.8669E-05 -5.2383E-04 4.0217E-01 3.4220E-06   214
 5.0000E-03 6.5760E-01 1.5088E-02 1.5061E-02 2.7820E-05 -5.4055E-04 4.0217E-01 3.3208E-06   214
 5.0000E-03 6.6060E-01 1.5194E-02 1.5167E-02 2.7086E-05 -5.5613E-04 4.0217E-01 3.2333E-06   214
 5.0000E-03 6.6360E-01 1.5142E-02 1.5116E-02 2.6409E-05 -5.7134E-04 4.0217E-01 3.1526E-06   214
 5.0000E-03 6.6670E-01 1.4860E-02 1.4835E-02 2.5724E-05 -5.8727E-04 4.0217E-01 3.0709E-06   214
 5.0000E-03 6.6970E-01 1.4500E-02 1.4475E-02 2.5048E-05 -6.0324E-04 4.0217E-01 2.9903E-06   214
 5.0000E-03 6.7270E-01 1.4221E-02 1.4197E-02 2.4365E-05 -6.1985E-04 4.0217E-01 2.9088E-06   214
 5.0000E-03 6.7580E-01 1.4103E-02 1.4079E-02 2.3674E-05 -6.3713E-04 4.0217E-01 2.8264E-06   214
 5.0000E-03 6.7880E-01 1.4116E-02 1.4093E-02 2.3039E-05 -6.5381E-04 4.0217E-01 2.7507E-06   214
 5.0000E-03 6.8180E-01 1.4153E-02 1.4131E-02 2.2438E-05 -6.7022E-04 4.0217E-01 2.6790E-06   214
 5.0000E-03 6.8480E-01 1.4154E-02 1.4132E-02 2.1852E-05 -6.8693E-04 4.0217E-01 2.6092E-06   214
 5.0000E-03 6.8790E-01 1.4187E-02 1.4165E-02 2.1241E-05 -7.0451E-04 4.0217E-01 2.5364E-06   214
 5.0000E-03 6.9090E-01 1.4405E-02 1.4384E-02 2.0643E-05 -7.2171E-04 4.0217E-01 2.4650E-06   214
 5.0000E-03 6.9390E-01 1.4956E-02 1.4936E-02 2.0052E-05 -7.3829E-04 4.0217E-01 2.3945E-06   214
 5.0000E-03 6.9700E-01 1.5982E-02 1.5963E-02 1.9477E-05 -7.5347E-04 4.0217E-01 2.3259E-06   214
 5.0000E-03 7.0000E-01 1.7466E-02 1.7447E-02 1.8988E-05 -7.6484E-04 4.0217E-01 2.2676E-06   214
