 kite 50 nm, 1 DS with shell
	507 = number of dipoles in target
 1.000000 0.000000 0.000000 = A_1 vector
 0.000000 1.000000 0.000000 = A_2 vector
 1.000000 1.000000 1.000000 = (d_x,d_y,d_z)/d
 0.000000 0.000000 0.000000 = (x,y,z)/d
 JA  IX  IY  IZ ICOMP(x,y,z)
        1       -5      -26     1       1       1       1
     	2	-5	-25	1	1	1	1
	3	-5	-24	0	1	1	1
	4	-5	-24	1	1	1	1
	5	-5	-23	-1	1	1	1
	6	-5	-23	0	1	1	1
	7	-5	-23	1	1	1	1
	8	-5	-23	2	1	1	1
	9	-5	-22	-1	1	1	1
	10	-5	-22	0	1	1	1
	11	-5	-22	1	1	1	1
	12	-5	-22	2	1	1	1
	13	-5	-21	-1	1	1	1
	14	-5	-21	0	1	1	1
	15	-5	-21	1	1	1	1
	16	-5	-21	2	1	1	1
	17	-5	-20	-1	1	1	1
	18	-5	-20	0	1	1	1
	19	-5	-20	1	1	1	1
	20	-5	-20	2	1	1	1
	21	-5	-19	-1	1	1	1
	22	-5	-19	0	1	1	1
	23	-5	-19	1	1	1	1
	24	-5	-19	2	1	1	1
	25	-5	-18	-1	1	1	1
	26	-5	-18	0	1	1	1
	27	-5	-18	1	1	1	1
	28	-5	-18	2	1	1	1
	29	-5	-17	-1	1	1	1
	30	-5	-17	0	1	1	1
	31	-5	-17	1	1	1	1
	32	-5	-17	2	1	1	1
	33	-5	-16	-1	1	1	1
	34	-5	-16	0	1	1	1
	35	-5	-16	1	1	1	1
	36	-5	-16	2	1	1	1
	37	-5	-15	-1	1	1	1
	38	-5	-15	0	1	1	1
	39	-5	-15	1	1	1	1
	40	-5	-15	2	1	1	1
	41	-5	-14	-1	1	1	1
	42	-5	-14	0	1	1	1
	43	-5	-14	1	1	1	1
	44	-5	-14	2	1	1	1
	45	-5	-13	-1	1	1	1
	46	-5	-13	0	1	1	1
	47	-5	-13	1	1	1	1
	48	-5	-13	2	1	1	1
	49	-5	-12	-1	1	1	1
	50	-5	-12	0	1	1	1
	51	-5	-12	1	1	1	1
	52	-5	-12	2	1	1	1
	53	-5	-11	-1	1	1	1
	54	-5	-11	0	1	1	1
	55	-5	-11	1	1	1	1
	56	-5	-11	2	1	1	1
	57	-5	-10	-1	1	1	1
	58	-5	-10	0	1	1	1
	59	-5	-10	1	1	1	1
	60	-5	-10	2	1	1	1
	61	-5	-9	-1	1	1	1
	62	-5	-9	0	1	1	1
	63	-5	-9	1	1	1	1
	64	-5	-9	2	1	1	1
	65	-5	-8	-1	1	1	1
	66	-5	-8	0	1	1	1
	67	-5	-8	1	1	1	1
	68	-5	-8	2	1	1	1
	69	-5	-7	-1	1	1	1
	70	-5	-7	0	1	1	1
	71	-5	-7	1	1	1	1
	72	-5	-7	2	1	1	1
	73	-5	-6	-1	1	1	1
	74	-5	-6	0	1	1	1
	75	-5	-6	1	1	1	1
	76	-5	-6	2	1	1	1
	77	-5	-5	-1	1	1	1
	78	-5	-5	0	1	1	1
	79	-5	-5	1	1	1	1
	80	-5	-5	2	1	1	1
	81	-5	-4	-1	1	1	1
	82	-5	-4	0	1	1	1
	83	-5	-4	1	1	1	1
	84	-5	-4	2	1	1	1
	85	-5	-3	-1	1	1	1
	86	-5	-3	0	1	1	1
	87	-5	-3	1	1	1	1
	88	-5	-3	2	1	1	1
	89	-5	-2	-1	1	1	1
	90	-5	-2	0	1	1	1
	91	-5	-2	1	1	1	1
	92	-5	-2	2	1	1	1
	93	-5	-1	-1	1	1	1
	94	-5	-1	0	1	1	1
	95	-5	-1	1	1	1	1
	96	-5	-1	2	1	1	1
	97	-5	0	-1	1	1	1
	98	-5	0	0	1	1	1
	99	-5	0	1	1	1	1
	100	-5	0	2	1	1	1
	101	-5	1	-1	1	1	1
	102	-5	1	0	1	1	1
	103	-5	1	1	1	1	1
	104	-5	1	2	1	1	1
	105	-5	2	-1	1	1	1
	106	-5	2	0	1	1	1
	107	-5	2	1	1	1	1
	108	-5	2	2	1	1	1
	109	-5	3	-1	1	1	1
	110	-5	3	0	1	1	1
	111	-5	3	1	1	1	1
	112	-5	3	2	1	1	1
	113	-5	4	-1	1	1	1
	114	-5	4	0	1	1	1
	115	-5	4	1	1	1	1
	116	-5	4	2	1	1	1
	117	-5	5	-1	1	1	1
	118	-5	5	0	1	1	1
	119	-5	5	1	1	1	1
	120	-5	5	2	1	1	1
	121	-5	6	-1	1	1	1
	122	-5	6	0	1	1	1
	123	-5	6	1	1	1	1
	124	-5	6	2	1	1	1
	125	-5	7	-1	1	1	1
	126	-5	7	0	1	1	1
	127	-5	7	1	1	1	1
	128	-5	7	2	1	1	1
	129	-5	8	-1	1	1	1
	130	-5	8	0	1	1	1
	131	-5	8	1	1	1	1
	132	-5	8	2	1	1	1
	133	-5	9	-1	1	1	1
	134	-5	9	0	1	1	1
	135	-5	9	1	1	1	1
	136	-5	9	2	1	1	1
	137	-5	10	-1	1	1	1
	138	-5	10	0	1	1	1
	139	-5	10	1	1	1	1
	140	-5	10	2	1	1	1
	141	-5	11	-1	1	1	1
	142	-5	11	0	1	1	1
	143	-5	11	1	1	1	1
	144	-5	11	2	1	1	1
	145	-5	12	-1	1	1	1
	146	-5	12	0	1	1	1
	147	-5	12	1	1	1	1
	148	-5	12	2	1	1	1
	149	-5	13	-1	1	1	1
	150	-5	13	0	1	1	1
	151	-5	13	1	1	1	1
	152	-5	13	2	1	1	1
	153	-5	14	-1	1	1	1
	154	-5	14	0	1	1	1
	155	-5	14	1	1	1	1
	156	-5	14	2	1	1	1
	157	-5	15	-1	1	1	1
	158	-5	15	0	1	1	1
	159	-5	15	1	1	1	1
	160	-5	15	2	1	1	1
	161	-5	16	-1	1	1	1
	162	-5	16	0	1	1	1
	163	-5	16	1	1	1	1
	164	-5	16	2	1	1	1
	165	-5	17	-1	1	1	1
	166	-5	17	0	1	1	1
	167	-5	17	1	1	1	1
	168	-5	17	2	1	1	1
	169	-5	18	-1	1	1	1
	170	-5	18	0	1	1	1
	171	-5	18	1	1	1	1
	172	-5	18	2	1	1	1
	173	-5	19	-1	1	1	1
	174	-5	19	0	1	1	1
	175	-5	19	1	1	1	1
	176	-5	19	2	1	1	1
	177	-5	20	-1	1	1	1
	178	-5	20	0	1	1	1
	179	-5	20	1	1	1	1
	180	-5	20	2	1	1	1
	181	-5	21	-1	1	1	1
	182	-5	21	0	1	1	1
	183	-5	21	1	1	1	1
	184	-5	21	2	1	1	1
	185	-5	22	-1	1	1	1
	186	-5	22	0	1	1	1
	187	-5	22	1	1	1	1
	188	-5	22	2	1	1	1
	189	-5	23	-1	1	1	1
	190	-5	23	0	1	1	1
	191	-5	23	1	1	1	1
	192	-5	23	2	1	1	1
	193	-5	24	0	1	1	1
	194	-5	24	1	1	1	1
	195	-5	25	0	1	1	1
	196	-5	25	1	1	1	1
	197	-4	-25	1	1	1	1
	198	-4	-24	0	1	1	1
	199	-4	-24	1	1	1	1
	200	-4	-23	-1	1	1	1
	201	-4	-23	0	1	1	1
	202	-4	-23	1	1	1	1
	203	-4	-23	2	1	1	1
	204	-4	-22	-1	1	1	1
	205	-4	-22	0	1	1	1
	206	-4	-22	1	1	1	1
	207	-4	-22	2	1	1	1
	208	-4	-21	-2	1	1	1
	209	-4	-21	-1	1	1	1
	210	-4	-21	0	1	1	1
	211	-4	-21	1	1	1	1
	212	-4	-21	2	1	1	1
	213	-4	-21	3	1	1	1
	214	-4	-20	-2	1	1	1
	215	-4	-20	-1	1	1	1
	216	-4	-20	0	1	1	1
	217	-4	-20	1	1	1	1
	218	-4	-20	2	1	1	1
	219	-4	-20	3	1	1	1
	220	-4	-20	4	1	1	1
	221	-4	-19	-3	1	1	1
	222	-4	-19	-2	1	1	1
	223	-4	-19	-1	1	1	1
	224	-4	-19	0	1	1	1
	225	-4	-19	1	1	1	1
	226	-4	-19	2	1	1	1
	227	-4	-19	3	1	1	1
	228	-4	-19	4	1	1	1
	229	-4	-18	-4	1	1	1
	230	-4	-18	-3	1	1	1
	231	-4	-18	-2	1	1	1
	232	-4	-18	-1	1	1	1
	233	-4	-18	0	1	1	1
	234	-4	-18	1	1	1	1
	235	-4	-18	2	1	1	1
	236	-4	-18	3	1	1	1
	237	-4	-18	4	1	1	1
	238	-4	-18	5	1	1	1
	239	-4	-17	-4	1	1	1
	240	-4	-17	-3	1	1	1
	241	-4	-17	-2	1	1	1
	242	-4	-17	-1	1	1	1
	243	-4	-17	0	1	1	1
	244	-4	-17	1	1	1	1
	245	-4	-17	2	1	1	1
	246	-4	-17	3	1	1	1
	247	-4	-17	4	1	1	1
	248	-4	-17	5	1	1	1
	249	-4	-16	-4	1	1	1
	250	-4	-16	-3	1	1	1
	251	-4	-16	-2	1	1	1
	252	-4	-16	-1	1	1	1
	253	-4	-16	0	1	1	1
	254	-4	-16	1	1	1	1
	255	-4	-16	2	1	1	1
	256	-4	-16	3	1	1	1
	257	-4	-16	4	1	1	1
	258	-4	-16	5	1	1	1
	259	-4	-16	6	1	1	1
	260	-4	-15	-4	1	1	1
	261	-4	-15	-3	1	1	1
	262	-4	-15	-2	1	1	1
	263	-4	-15	-1	1	1	1
	264	-4	-15	0	1	1	1
	265	-4	-15	1	1	1	1
	266	-4	-15	2	1	1	1
	267	-4	-15	3	1	1	1
	268	-4	-15	4	1	1	1
	269	-4	-15	5	1	1	1
	270	-4	-15	6	1	1	1
	271	-4	-14	-4	1	1	1
	272	-4	-14	-3	1	1	1
	273	-4	-14	-2	1	1	1
	274	-4	-14	-1	1	1	1
	275	-4	-14	0	1	1	1
	276	-4	-14	1	1	1	1
	277	-4	-14	2	1	1	1
	278	-4	-14	3	1	1	1
	279	-4	-14	4	1	1	1
	280	-4	-14	5	1	1	1
	281	-4	-14	6	1	1	1
	282	-4	-13	-4	1	1	1
	283	-4	-13	-3	1	1	1
	284	-4	-13	-2	1	1	1
	285	-4	-13	-1	1	1	1
	286	-4	-13	0	1	1	1
	287	-4	-13	1	1	1	1
	288	-4	-13	2	1	1	1
	289	-4	-13	3	1	1	1
	290	-4	-13	4	1	1	1
	291	-4	-13	5	1	1	1
	292	-4	-13	6	1	1	1
	293	-4	-12	-4	1	1	1
	294	-4	-12	-3	1	1	1
	295	-4	-12	-2	1	1	1
	296	-4	-12	-1	1	1	1
	297	-4	-12	0	1	1	1
	298	-4	-12	1	1	1	1
	299	-4	-12	2	1	1	1
	300	-4	-12	3	1	1	1
	301	-4	-12	4	1	1	1
	302	-4	-12	5	1	1	1
	303	-4	-12	6	1	1	1
	304	-4	-11	-4	1	1	1
	305	-4	-11	-3	1	1	1
	306	-4	-11	-2	1	1	1
	307	-4	-11	-1	1	1	1
	308	-4	-11	0	1	1	1
	309	-4	-11	1	1	1	1
	310	-4	-11	2	1	1	1
	311	-4	-11	3	1	1	1
	312	-4	-11	4	1	1	1
	313	-4	-11	5	1	1	1
	314	-4	-11	6	1	1	1
	315	-4	-10	-4	1	1	1
	316	-4	-10	-3	1	1	1
	317	-4	-10	-2	1	1	1
	318	-4	-10	-1	1	1	1
	319	-4	-10	0	1	1	1
	320	-4	-10	1	1	1	1
	321	-4	-10	2	1	1	1
	322	-4	-10	3	1	1	1
	323	-4	-10	4	1	1	1
	324	-4	-10	5	1	1	1
	325	-4	-10	6	1	1	1
	326	-4	-9	-4	1	1	1
	327	-4	-9	-3	1	1	1
	328	-4	-9	-2	1	1	1
	329	-4	-9	-1	1	1	1
	330	-4	-9	0	1	1	1
	331	-4	-9	1	1	1	1
	332	-4	-9	2	1	1	1
	333	-4	-9	3	1	1	1
	334	-4	-9	4	1	1	1
	335	-4	-9	5	1	1	1
	336	-4	-9	6	1	1	1
	337	-4	-8	-4	1	1	1
	338	-4	-8	-3	1	1	1
	339	-4	-8	-2	1	1	1
	340	-4	-8	-1	1	1	1
	341	-4	-8	0	1	1	1
	342	-4	-8	1	1	1	1
	343	-4	-8	2	1	1	1
	344	-4	-8	3	1	1	1
	345	-4	-8	4	1	1	1
	346	-4	-8	5	1	1	1
	347	-4	-8	6	1	1	1
	348	-4	-7	-4	1	1	1
	349	-4	-7	-3	1	1	1
	350	-4	-7	-2	1	1	1
	351	-4	-7	-1	1	1	1
	352	-4	-7	0	1	1	1
	353	-4	-7	1	1	1	1
	354	-4	-7	2	1	1	1
	355	-4	-7	3	1	1	1
	356	-4	-7	4	1	1	1
	357	-4	-7	5	1	1	1
	358	-4	-7	6	1	1	1
	359	-4	-6	-4	1	1	1
	360	-4	-6	-3	1	1	1
	361	-4	-6	-2	1	1	1
	362	-4	-6	-1	1	1	1
	363	-4	-6	0	1	1	1
	364	-4	-6	1	1	1	1
	365	-4	-6	2	1	1	1
	366	-4	-6	3	1	1	1
	367	-4	-6	4	1	1	1
	368	-4	-6	5	1	1	1
	369	-4	-6	6	1	1	1
	370	-4	-5	-4	1	1	1
	371	-4	-5	-3	1	1	1
	372	-4	-5	-2	1	1	1
	373	-4	-5	-1	1	1	1
	374	-4	-5	0	1	1	1
	375	-4	-5	1	1	1	1
	376	-4	-5	2	1	1	1
	377	-4	-5	3	1	1	1
	378	-4	-5	4	1	1	1
	379	-4	-5	5	1	1	1
	380	-4	-5	6	1	1	1
	381	-4	-4	-4	1	1	1
	382	-4	-4	-3	1	1	1
	383	-4	-4	-2	1	1	1
	384	-4	-4	-1	1	1	1
	385	-4	-4	0	1	1	1
	386	-4	-4	1	1	1	1
	387	-4	-4	2	1	1	1
	388	-4	-4	3	1	1	1
	389	-4	-4	4	1	1	1
	390	-4	-4	5	1	1	1
	391	-4	-4	6	1	1	1
	392	-4	-3	-4	1	1	1
	393	-4	-3	-3	1	1	1
	394	-4	-3	-2	1	1	1
	395	-4	-3	-1	1	1	1
	396	-4	-3	0	1	1	1
	397	-4	-3	1	1	1	1
	398	-4	-3	2	1	1	1
	399	-4	-3	3	1	1	1
	400	-4	-3	4	1	1	1
	401	-4	-3	5	1	1	1
	402	-4	-3	6	1	1	1
	403	-4	-2	-4	1	1	1
	404	-4	-2	-3	1	1	1
	405	-4	-2	-2	1	1	1
	406	-4	-2	-1	1	1	1
	407	-4	-2	0	1	1	1
	408	-4	-2	1	1	1	1
	409	-4	-2	2	1	1	1
	410	-4	-2	3	1	1	1
	411	-4	-2	4	1	1	1
	412	-4	-2	5	1	1	1
	413	-4	-2	6	1	1	1
	414	-4	-1	-4	1	1	1
	415	-4	-1	-3	1	1	1
	416	-4	-1	-2	1	1	1
	417	-4	-1	-1	1	1	1
	418	-4	-1	0	1	1	1
	419	-4	-1	1	1	1	1
	420	-4	-1	2	1	1	1
	421	-4	-1	3	1	1	1
	422	-4	-1	4	1	1	1
	423	-4	-1	5	1	1	1
	424	-4	-1	6	1	1	1
	425	-4	0	-4	1	1	1
	426	-4	0	-3	1	1	1
	427	-4	0	-2	1	1	1
	428	-4	0	-1	1	1	1
	429	-4	0	0	1	1	1
	430	-4	0	1	1	1	1
	431	-4	0	2	1	1	1
	432	-4	0	3	1	1	1
	433	-4	0	4	1	1	1
	434	-4	0	5	1	1	1
	435	-4	0	6	1	1	1
	436	-4	1	-4	1	1	1
	437	-4	1	-3	1	1	1
	438	-4	1	-2	1	1	1
	439	-4	1	-1	1	1	1
	440	-4	1	0	1	1	1
	441	-4	1	1	1	1	1
	442	-4	1	2	1	1	1
	443	-4	1	3	1	1	1
	444	-4	1	4	1	1	1
	445	-4	1	5	1	1	1
	446	-4	1	6	1	1	1
	447	-4	2	-4	1	1	1
	448	-4	2	-3	1	1	1
	449	-4	2	-2	1	1	1
	450	-4	2	-1	1	1	1
	451	-4	2	0	1	1	1
	452	-4	2	1	1	1	1
	453	-4	2	2	1	1	1
	454	-4	2	3	1	1	1
	455	-4	2	4	1	1	1
	456	-4	2	5	1	1	1
	457	-4	2	6	1	1	1
	458	-4	3	-4	1	1	1
	459	-4	3	-3	1	1	1
	460	-4	3	-2	1	1	1
	461	-4	3	-1	1	1	1
	462	-4	3	0	1	1	1
	463	-4	3	1	1	1	1
	464	-4	3	2	1	1	1
	465	-4	3	3	1	1	1
	466	-4	3	4	1	1	1
	467	-4	3	5	1	1	1
	468	-4	3	6	1	1	1
	469	-4	4	-4	1	1	1
	470	-4	4	-3	1	1	1
	471	-4	4	-2	1	1	1
	472	-4	4	-1	1	1	1
	473	-4	4	0	1	1	1
	474	-4	4	1	1	1	1
	475	-4	4	2	1	1	1
	476	-4	4	3	1	1	1
	477	-4	4	4	1	1	1
	478	-4	4	5	1	1	1
	479	-4	4	6	1	1	1
	480	-4	5	-4	1	1	1
	481	-4	5	-3	1	1	1
	482	-4	5	-2	1	1	1
	483	-4	5	-1	1	1	1
	484	-4	5	0	1	1	1
	485	-4	5	1	1	1	1
	486	-4	5	2	1	1	1
	487	-4	5	3	1	1	1
	488	-4	5	4	1	1	1
	489	-4	5	5	1	1	1
	490	-4	5	6	1	1	1
	491	-4	6	-4	1	1	1
	492	-4	6	-3	1	1	1
	493	-4	6	-2	1	1	1
	494	-4	6	-1	1	1	1
	495	-4	6	0	1	1	1
	496	-4	6	1	1	1	1
	497	-4	6	2	1	1	1
	498	-4	6	3	1	1	1
	499	-4	6	4	1	1	1
	500	-4	6	5	1	1	1
	501	-4	6	6	1	1	1
	502	-4	7	-4	1	1	1
	503	-4	7	-3	1	1	1
	504	-4	7	-2	1	1	1
	505	-4	7	-1	2	2	2
	506	-4	7	0	2	2	2
	507	-4	7	1	2	2	2
